1 2 1 cnn 0.02 0.5 0.8
0 2 1 cnn 0.04 0.5 0.8
0 2 1 cnn 0.06 0.5 0.8
0 2 1 cnn 0.08 0.5 0.8
0 2 1 cnn 0.10 0.5 0.8
0 2 1 cnn 0.12 0.5 0.8
0 2 1 cnn 0.14 0.5 0.8
0 2 1 cnn 0.16 0.5 0.8
0 2 1 cnn 0.18 0.5 0.8
0 2 1 cnn 0.20 0.5 0.8
0 2 1 cnn 0.22 0.5 0.8
0 2 1 cnn 0.24 0.5 0.8
0 2 1 cnn 0.26 0.5 0.8
0 2 1 cnn 0.28 0.5 0.8
0 2 1 cnn 0.30 0.5 0.8
0 2 1 cnn 0.32 0.5 0.8
0 2 1 cnn 0.34 0.5 0.8
0 2 1 cnn 0.36 0.5 0.8
0 2 1 cnn 0.38 0.5 0.8
0 2 1 cnn 0.40 0.5 0.8
0 2 1 cnn 0.42 0.5 0.8
0 2 1 cnn 0.44 0.5 0.8
0 2 1 cnn 0.46 0.5 0.8
0 2 1 cnn 0.48 0.5 0.8
0 2 1 cnn 0.50 0.5 0.8
0 2 1 cnn 0.52 0.5 0.8
0 2 1 cnn 0.54 0.5 0.8
0 2 1 cnn 0.56 0.5 0.8
0 2 1 cnn 0.58 0.5 0.8
0 2 1 cnn 0.60 0.5 0.8
0 2 1 cnn 0.62 0.5 0.8
0 2 1 cnn 0.64 0.5 0.8
0 2 1 cnn 0.66 0.5 0.8
0 2 1 cnn 0.68 0.5 0.8
0 2 1 cnn 0.70 0.5 0.8
0 2 1 cnn 0.72 0.5 0.8
0 2 1 cnn 0.74 0.5 0.8
0 2 1 cnn 0.76 0.5 0.8
0 2 1 cnn 0.78 0.5 0.8
0 2 1 cnn 0.80 0.5 0.8
0 2 1 cnn 0.82 0.5 0.8
0 2 1 cnn 0.84 0.5 0.8
0 2 1 cnn 0.86 0.5 0.8
0 2 1 cnn 0.88 0.5 0.8
0 2 1 cnn 0.90 0.5 0.8
0 2 1 cnn 0.92 0.5 0.8
0 2 1 cnn 0.94 0.5 0.8
0 2 1 cnn 0.96 0.5 0.8